011000010110001001110010011101010111000001110100
0110000101100010011101010111001101100101
011000010110001001110101011100110110010101100100
011000010110001001110101011100110110010101110011
011000010110001101100011011101010111001101100101
011000010110001101110001011101010110100101110100
011000010110110001101100011001010110011101100101
0110000101101110011011100110111101111001
011000010110111001101110011011110111100101110011
0110000101101110011011100111010101101100
011000010110111001101110011101010110110001110011
0110000101110010011001110111010101100101
011000010111001001100111011101010110010101100100
011000010111001001110010011001010111001101110100
011000100110000101100100
01100010011000010110100101101100
01100010011000010110110001101011
011000100110000101101100011010110110010101100100
01100010011000010110111001110011
011000100110000101110010011100100110010101100100
011000100111001001100101011000010110001101101000
0110001001110010011001010110000101101011
011000100111001001100101011000010110101101110011
0110001001110010011010010110001001100101
011000100111001001101001011000100110010101100100
011000100111001001101001011000100110010101110011
011000100111001001101001011001000110011101100101
011000100111001001101111011010110110010101101110
011000100111010101110010011001000110010101101110
011000100111010101110010011011100110010101100100
011000110110000101101110011000110110010101101100
0110001101100101011000010111001101100101
011000110110010101100001011100110110010101100100
011000110110010101100001011100110110010101110011
011000110110110001100001011010010110110101110011
011000110110110001101111011100110110010101100100
011000110110111101100101011100100110001101100101
011000110110111101110011011101000110110001111001
0110001101110010011010010110110101100101
011000110111001001101001011011010110010101110011
011000110111001001101001011100110110010101110011
011000110111001001101001011100110110100101110011
011000110111010101110100
011001000110000101101101011000010110011101100101
011001000110000101101101011100000110010101101110
011001000110000101101110011001110110010101110010
011001000110010101100011011001010110100101110100
011001000110010101100110011000010110001101100101
011001000110010101100110011000010110110101100101
011001000110010101100110011001010110000101110100
011001000110010101100110011001010110001101110100
011001000110010101100110011001010110111001100100
0110010001100101011001100110010101110010
0110010001100101011011000110000101111001
011001000110010101101100011000010111100101110011
011001000110010101101100011010010111001101110100
011001000110010101101101011010010111001101100101
011001000110010101101101011011110111010001100101
011001000110010101101110011010010110000101101100
011001000110010101101110011010010110010101100100
011001000110010101101110011010010110010101110011
01100100011001010110111001111001
011001000110010101110100011000010110100101101110
0110010001100101011101000110010101110010
011001000110010101110100011001010111001001110011
011001000110100101110011011011010110000101101100
011001000110100101110110011001010111001001110100
011001000110100101110110011001010111001101110100
0110010001101111011101010110001001110100
011001000110111101110101011000100111010001110011
01100100011100100110000101100111
011001000111010101110010011001010111001101110011
011001010110000101110011011010010110111001100111
011001010110111001101010011011110110100101101110
0110010101110010011011110110010001100101
011001010111001001101111011001000110010101100100
011001010111001001101111011001000110010101110011
0110010101110010011100100110010101100100
011001010111001001110010011010010110111001100111
0110010101110010011100100110111101110010
011001010111001001110010011011110111001001110011
01100101011100100111001001110011
0110010101110110011000010110010001100101
011001010111011001100001011001000110010101100100
011001010111011001100001011001000110010101110011
0110010101110110011010010110001101110100
011001010111011001101001011000110111010001110011
011001010111100001110000011011110111001101100101
01100110011000010110100101101100
011001100110000101101001011011000110010101100100
0110011001100001011010010110110001110011
0110011001100001011011000111001101100101
0110011001100001011101010110110001110100
011001100110000101110101011011000111010001110011
011001100110000101110101011011000111010001111001
01100110011001010110000101110010
0110011001100101011000010111001001110011
011001100110010101101100011011110110111001111001
0110011001101001011011100110010101100100
0110011001101001011011100110010101110011
0110011001101001011100100110010101100100
011001100110100101110010011010010110111001100111
01100110011011000110000101110111
011001100110110001100001011101110110010101100100
0110011001101100011000010111011101110011
011001100110111101110010011000100110100101100100
0110011001101111011100100110001101100101
011001100110111101110010011000110110010101100100
011001100110111101110010011001010110011101101111
0110011001110010011000010111010101100100
011001100111001001100001011101010110010001110011
011001110111010101101001011011000111010001111001
01101000011000010110110001110100
011010000110000101101100011101000110010101100100
011010000110000101101101011100000110010101110010
011010000110000101110010011000010111001101110011
01101000011000010111001001101101
011010000110000101110010011011010110010101100100
0110100001100001011100100110110101110011
0110100001100001011100100111001101101000
011010000110000101111010011000010111001001100100
011010000110100101101110011001000110010101110010
01101000011101010111001001110100
01101001011001000110110001100101
0110100101100100011011000110010101100100
011010010110010001101100011010010110111001100111
011010010110011101101110011011110111001001100101
011010010110110001101100
011010010110110101110000011000010110100101110010
011010010110110101110000011001010110010001100101
011010010110111001100100011010010110001101110100
011010010110111001101010011101010111001001100101
011010010110111001101010011101010111001001111001
01101100011000010110001101101011
011011000110000101100011011010110110010101100100
0110110001100001011000110110101101110011
011011000110000101100111
011011000110000101100111011001110110010101100100
01101100011000010110011101110011
0110110001100001011100000111001101100101
011011000110000101110000011100110110010101100100
011011000110000101110000011100110110010101110011
01101100011000010111010001100101
011011000110000101111001011011110110011001100110
011011000110100101100101
01101100011011110111001101100101
0110110001101111011100110110010101110011
011011000110111101110011011010010110111001100111
01101100011011110111001101110011
011011000110111101110011011100110110010101110011
01101100011011110111001101110100
0110110001111001011010010110111001100111
011011010110000101101100011010010110001101100101
011011010110100101110011011011000110010101100100
01101101011010010111001101110011
011011010110100101110011011100110110010101100100
011011010110100101110011011100110110010101110011
011011010110100101110011011101010111001101100101
011011110110011001100110011001010110111001100100
01101111011011010110100101110100
0110111101101101011010010111010001110011
011011110111000001110000011011110111001101100101
011011110111010101110100011000010110011101100101
0111000001100001011011100110100101100011
011100000110000101101110011010010110001101110011
0111000001100101011100100110100101101100
011100000110010101110010011010010110110001110011
0111000001100101011101000111010001111001
011100000110100101100011011010110110010101110100
01110000011011000110010101100001
0111000001101100011001010110000101100100
011100000110110001100101011000010110010001110011
0111000001101100011001010110000101110011
01110000011011000110010101100100
01110000011011110110111101110010
011100000110111101101111011100100110110001111001
0111000001101111011100110110010101110011
011100000110111101110011011010010110111001100111
0111000001110010011011110110111001100101
01110001011101010110100101110100
011100100110010101100011011000010110110001101100
011100100110010101100100011000010110001101110100
011100100110010101100110011101010111001101100101
011100100110010101101010011001010110001101110100
011100100110010101110011011010010110011101101110
011100100110010101110110011011110110101101100101
0111001001101001011100110110101101111001
0111001101100101011010010111101001100101
011100110110010101101001011110100110010101100100
011100110110010101101001011110100110010101110011
0111001101100101011101100110010101110010
011100110110010101110110011001010111001001100101
01110011011010000111010101110100
0111001101101000011101010111010001110011
01110011011011000110111101110111
011100110110110001101111011101110110010101100100
011100110110110001101111011101110110010101110010
011100110110110001101111011101110110110001111001
01110011011100000110000101101101
011100110111010001101111011011000110010101101110
0111001101110100011011110111000001110011
011100110111010001110010011000010110100101101110
011100110111010001110010011001010111001101110011
011100110111010101100101
01110011011101010110010101100100
01110011011101010110010101110011
011100110111010101100110011001100110010101110010
0111001101110101011010010110111001100111
0111010001100001011010010110111001110100
011101000110000101101001011011100111010001110011
0111010001100101011011100111001101100101
011101000110100001110010011001010110000101110100
011101000111001001100001011001110110100101100011
011101010110111001100001011000100110110001100101
0111010101101110011001000111010101100101
011101010110111001100100011101010110110001111001
011101010110111001100110011000010110100101110010
0111010101101110011001100110100101110100
011101010110111001101010011101010111001101110100
011101010110111001110000011000010110100101100100
011101010110111001110010011001010111001101110100
011101010110111001110011011000010110011001100101
011101010110111001110011011011110110110001100100
011101010110111001110011011101010111001001100101
0111010101110000011100110110010101110100
011101010111001001100111011001010110111001110100
0111010101110011011101010111001001110000
011101010111001101110101011100100111000001110011
0111010101110011011101010111001001111001
011101100110010101110100011011110110010101100100
011101100110111101101001011001000110010101100100
01110111011000010111001001101110
011101110110000101110010011011100110010101100100
0111011101100001011100100110111001110011
011101110110000101110011011101000110010101100100
01110111011001010110000101101011
011101110110010101100001011010110110010101101110
011101110110010101100001011010110110010101110010
011101110110010101100001011010110110110001111001
0111011101101111011100100111001001111001
0111011101101111011100100111001101100101
011101110110111101110010011100110110010101101110
0111011101101111011100100111001101110100
0111011101110010011011110110111001100111
01100001011000100110110001100101
011000010111001101110011011101010111001001100101
011000010111010001110100011000010110100101101110
01100010011001010111001101110100
011000100110010101110100011101000110010101110010
01100010011011110110111101101101
0110001001101111011011110111001101110100
0110010001110010011001010110000101101101
011001010110000101110011011010010110010101110010
011001010110000101110011011010010110110001111001
01100101011000010111001101111001
011001010110111001100001011000100110110001100101
0110010101101110011010100110111101111001
011001010110111001101010011011110111100101110011
011001010111100001100011011001010110110001110011
01100111011000010110100101101110
011001110110000101101001011011100110010101100100
0110011101100001011010010110111001110011
01100111011011110110111101100100
0110011101110010011001010110000101110100
0110100001100001011100000111000001111001
0110100001101111011011100110111101110010
011010000110111101101110011011110111001001110011
0110100101100100011001010110000101101100
011010010110111001110110011001010110111001110100
0110110001101111011110010110000101101100
011100100110010101100111011000010110100101101110
011100100110010101110111011000010111001001100100
011100110110110101101111011011110111010001101000
011100110110111101101100011101100110010101110011
011100110111010001100001011000100110110001100101
011100110111010001110010011011110110111001100111
011101010111000001110100011101010111001001101110
011101110110100101101110
011101110110100101101110011011100110010101110010
011101110110111101110010011101000110100001111001
011000010110110001101101011011110111001101110100
011000010111000001110000011001010110000101110010
011000010111001101110011011101010110110101100101
0110001101101111011101010110110001100100
011001000110010101110000011001010110111001100100
011001000110100101100110011001100110010101110010
011010000110100101100100011001000110010101101110
011010000110100101101110011001110110010101110011
011011010110000101111001
0110110101100001011110010110001001100101
0110110101101001011001110110100001110100
011011100110010101100001011100100110110001111001
011100100110000101101110011001000110111101101101
011100100110010101110110011010010111001101100101
01110010011010010111001101101011
011100100110100101110011011010110110010101100100
0111001001101001011100110110101101110011
011100100111010101101101011011110111001001110011
0111001101100101011001010110110101110011
011100110110010101101100011001000110111101101101
011100110111010101100100011001000110010101101110
0111011001100001011001110111010101100101
011101100110000101100111011101010110010101110010
011101100110000101110010011010010110010101100100
011101100110000101110010011010010110010101110011
01110110011000010111001001111001
0110000101101101011001010110111001100100
011000010110110101100101011011100110010001110011
011000010111000001110000011001010110000101101100
011000010111010001110100011001010111001101110100
011000010111010001110100011011110111001001101110
011000100110000101101001011011000110010101100100
011000100110000101101001011011000110010101100101
01100010011011110110111001100001
011000110110010101100100011000010110111001110100
011000110110100001101111011000010111010001100101
0110001101101100011000010110100101101101
011000110110111101100100011010010110011001111001
0110001101101111011101010111001001110100
011000110110111101110101011100100111010001110011
011001000110010101100011011100100110010101100101
011001000110010101101101011101010111001001110011
011001000110010101110000011011110111001101100101
011001000110010101110011011010010111001101110100
011001000110111101100011011010110110010101110100
011001000110111101101110011001010110010101110011
01100100011101010110110001111001
0110011001100001011000110110100101100101
0110011001100001011000110111010001101111
01100110011010010110010001100101
011010000110010101110010011001010110001001111001
011010000110010101110010011001010110100101101110
011010000110010101110010011001010110111101100110
011010000110010101110010011001010110111101101110
011010000110010101110010011001010111010001101111
011010100111010101110010011010010110010101110011
0110101001110101011100100110100101110011
011010100111010101110010011010010111001101110100
0110101001110101011100100110111101110010
011010100111010101110010011011110111001001110011
01101010011101010111001001111001
011011000110000101110111
011011000110000101110111011001100111010101101100
01101100011000010111011101110011
011011000110000101110111011110010110010101110010
0110110001100101011001110110000101101100
011011000110010101100111011000010110110001110011
0110110001101001011000100110010101101100
011011000110100101100010011001010110110001110011
01101110011011110110110001101111
011011100110111101110100011000010111001001111001
01101110011011110111011001101111
01110000011000010111001001100001
01110000011000010111001001101001
0111000001100001011100110111001101110101
0111000001110010011010010110110101100001
01110010011000010111010001100001
0111001001100101011000100111010101110100
011100100110010101100010011101010111010001110011
011100100110010101100011011101010111001101100101
011100100110010101100110011010010110110001100101
011100100110010101101000011001010110000101110010
011100100110010101101101011000010110111001100100
011100100111010101101100011010010110111001100111
0111001101101000011000010110110001101100
011100110111010101110010011001010111010001111001
011101000110100001100101011011100110001101100101
01110100011011110111001001110100
0111010001101111011100100111010001110011
01110101011011100111010001101111
011101100110010101101110011001000110010101100101
011101110110100101101100011001100111010101101100
01110111011100100110100101110100
0111011101110010011010010111010001110011
0110000101100010011010010110010001100101
0110001001101111011101010110111001100100
011000110110111101101101011011010110100101110100
011000110110111101101101011100000110010101101100
011000110110111101101101011100000110110001111001
011001010110111001110100011000010110100101101100
011001010111001101100011011100100110111101110111
011010010110110101110000011011110111001101100101
011010010110111001110011011010010111001101110100
0110110001101001011011010110100101110100
011011000110100101101101011010010111010001110011
011011110110001001101100011010010110011101100101
011100000110110001100101011001000110011101100101
011100000111001001100101011100110110010101110100
011100110111010001110010011010010110001101110100
0110000101100101011001110110100101110011
011001010111100001110100011000010110111001110100
011010010110110101110000011011110111001101110100
011101000110100001100101011100110110010101110011
011101110110100001101001011011000111001101110100
011000010111010101100111011101010111001101110100
011000100110000101101110
011000110110000101101110011000110110010101110010
0110010001100101011000010111010001101000
011001000110100101100101
01100100011010010110010101100100
01100100011010010110010101110011
01100100011100100110111101110000
0110011001100001011101000110000101101100
011001100111001001100101011001010111101001100101
0110011101110010011000010110011001110100
01101100011010010110010101110011
0110110101100001011100100110001101101000
011011010110100101100111011010000111010001111001
01101111011010010110111001101011
011100000110100101110010011000010110001101111001
0111001001100001011000100110001001101001
011100110110010101100011011100100110010101110100
011100110110111101100001011100100110010101100100
011101000110111101110101011000110110100001100101
0111010001101111011110000110100101100011
011101000111001001100001011101010110110101100001
0111010001110101011011010110111101110010
011101100110000101100011011000010110111001110100
011000010110110001110111011000010111100101110011
011000110110000101101110
011011000110100101101011011001010110110001111001
011011000110111101110111011001010111001101110100
01101101011101010111001101110100
0110111001100101011101100110010101110010
0110111101100110011101000110010101101110
0110111101110101011001110110100001110100
011100100110000101110010011001010110110001111001
011100110110100001101111011101010110110001100100
0111010001100101011011100110010001110011
01110111011010010110110001101100
0111011101101111011101010110110001100100
011000010111001001101001011100110110010101101110
01100010011001010110000101110100
011000100110010101100001011101000110010101101110
0110001001100101011001110111010101101110
01100010011001010110111001110100
011000100110010101110100
011000100110100101100100
011000100110100101100100011001000110010101101110
011000100110100101110100011101000110010101101110
01100010011011000110010101100100
0110001001101100011011110111011101101110
0110001001101111011100100110111001100101
011000100110111101110101011001110110100001110100
01100010011100100110010101100100
0110001001110101011010010110110001110100
0110001001110101011100100111001101110100
01100011011000010111001101110100
011000110110000101110101011001110110100001110100
011000110110100001101111011100110110010101101110
0110001101101100011001010110011001110100
011000110110110001101111011101100110010101101110
0110001101101100011101010110111001100111
01100011011011110110110101100101
01100011011011110111001101110100
0110001101110010011001010111000001110100
011000110111001001101111011101110110010101100100
0110010001100101011000010110110001110100
01100100011011110110111001100101
0110010001110010011000010111011101101110
011001000111001001100101011000010110110101110100
011001000111001001101001011101100110010101101110
0110010001110010011101010110111001101011
011001000111010101100111
0110010001110111011001010110110001110100
0110010101100001011101000110010101101110
011001100110000101101100011011000110010101101110
011001100110010101100100
01100110011001010110110001110100
011001100110100101110100
01100110011011000110010101100100
0110011001101100011011110111011101101110
0110011001101100011101010110111001100111
011001100110111101110010011001110110111101110100
011001100110111101110101011001110110100001110100
0110011001101111011101010110111001100100
011001100111001001101111011110100110010101101110
011001110110100101110010011001000110010101100100
0110011101101001011101100110010101101110
01100111011011110110111001100101
011001110110111101110100011101000110010101101110
011001110111001001101111011101010110111001100100
0110011101110010011011110111011101101110
011010000110000101100100
0110100001100101011000010111001001100100
01101000011001010110110001100100
011010000110100101110100
01101000011101010110111001100111
01101011011001010111000001110100
0110101101101110011001010110110001110100
01101011011011100110100101110100
0110101101101110011011110111011101101110
01101100011000010110100101100100
01101100011000010110100101101110
011011000110010101100100
01101100011001010110011001110100
01101100011001010110111001110100
011011000110010101110100
011011000110100101110100
011011000110111101100001011001000110010101100100
01101101011000010110010001100101
0110110101100101011000010110111001110100
011011010110010101110100
01110000011000010110100101100100
011100000111010101110100
01110010011001010110000101100100
01110010011001010110111001110100
011100100110100101100100
011100100110100101100100011001000110010101101110
0111001001101001011100110110010101101110
011100100111010101101110
01110010011101010110111001100111
01110011011000010110100101100100
011100110110000101110100
01110011011001010110010101101110
01110011011001010110111001110100
011100110110010101110100
011100110110100001100001011010110110010101101110
01110011011010000110010101100100
01110011011010000110111101100100
0111001101101000011011110110111001100101
0111001101101000011011110111001001101110
01110011011010000110111101110100
0111001101101000011011110111011101101110
011100110110100001110010011101010110111001101011
0111001101101100011000010110100101101110
0111001101101100011001010111000001110100
01110011011011000110100101100100
01110011011011000110100101110100
0111001101101100011101010110111001100111
0111001101101100011101010110111001101011
0111001101101110011101010110001101101011
01110011011011110110110001100100
011100110110111101110101011001110110100001110100
01110011011011110111011101101110
01110011011100000110010101100100
0111001101110000011001010110111001110100
0111001101110000011010010110110001110100
0111001101110000011011000110100101110100
011100110111000001101111011010110110010101101110
011100110111000001110010011001010110000101100100
011100110111000001110010011101010110111001100111
01110011011100000111010101101110
0111001101110100011011110110111101100100
011100110111010001110010011001010111011101101110
011100110111010001110010011101010110001101101011
011100110111010001110010011101010110111001100111
0111001101110100011101010110001101101011
0111001101110100011101010110111001100111
0111001101110100011101010110111001101011
01110011011101010110111001100111
01110011011101010110111001101011
0111001101110111011001010111000001110100
0111001101110111011011110111001001101110
01110011011101110111010101101101
0111001101110111011101010110111001100111
0111010001100001011010110110010101101110
011101000110000101110101011001110110100001110100
011101000110100001110010011011110111011101101110
011101000110100001110010011101010111001101110100
01110100011011110110110001100100
01110100011011110111001001101110
011101110110010101100100
01110111011001010111000001110100
0111011101101111011010110110010101101110
011101110110111101101110
01110111011011110111001001101110
0111011101101111011101010110111001100100
0111011101101111011101100110010101101110
0111011101110010011101010110111001100111
