011001000110010101100011011011110110010001100101
01100001011001010111001001101111
0111001001100001011001000110100101101111
011100110110111101100011
011101110110010101101001011001110110100001110100
0110001101101001011101100110100101101100
0110011101110011011011110110011001101101
01100011011001010110110001101100
011101100110010101110010011010010110011001111001
0111000001101000011011110111010001101111
0110001001110010011000010110100101101110
011100100110010101100100011101010110001101100101
0110110001101111011001110110100101100011
0110111001101111011010010111001101100101
011100110110010101100011011101010111001001100101
011100110110010101101110011100110110111101110010
01101110011011110110010001100101
01100100011000010111010001100001
011011010111001101100101
011011010110111101110011011001100110010101110100
011011010110010101101101011011110111001001111001
01111010011001010111001001101111
011100010111010101100001011011100111010001100001
01101100011011110111001101110011
011000010111010101110100011010000110111101110010
0110110001101001011001110110100001110100
011001000110111101110101011000100110110001100101
011001010111010101100011011011000110100101100100
01110111011010010110011001101001
01101101011001010110000101101110
0111000001110101011011000111001101100101
011011100110010101110101011100100110111101101110
0111001101110000011000010110001101100101
0111000101110101011001010111010101100101
0110110101100001011101000110100001110011
011011100110010101110111011101000110111101101110
011011110110111101101011
0110011001101111011100100110001101100101
011010010110111001110100
0110111001110111011001010110110001101100
01111000011100100110000101111001
011001100110100101100111011101010111001001100101
01110110011011110110100101100100
0111000001101000011000010111001101100101
0110010001100101011011010111010101111000
011101000110100001100101011011110111001001111001
01101110011001010111100001110100
0111001101100101011011100111001101100101
011010110110010101110010011011100110010101101100
0110011001100001011100100110000101100100
011011100110111101110010
01101110011000010110111001101111
011001000110111101101101011000010110100101101110
01100111011100100110100101100100
0111001001100101011001100110010101110010
01100110011010010110110001100101
011101100110100101100001
011000010110001101100011011001010111001101110011
011100100110000101100100011010010111010101110011
0110111101110000011101000110100101100011
0111011001101111011011000111010001110011
0110110001100001011101000110010101111000
01101101011001010110110101110011
011100100110100001101111011001000110010101110011
0111000001110010011011110110001001100101
0111011101100101011000100110010101110010
011100100110010101100100
0110111001100100011010010110011001100110
0110111101110000011000010110110101110000
011001010110111001100101011100100110011101111001
011101000110010101101110011100110110111101110010
0110000101101110011001110110110001100101
0110010001101001011100100110000101100011
0110001101101001011011100110001101111001
011110000110111101110010
01100010011100000111001101101011
01101101011000010111001101101011
0110010001100101011000110110000101111001
011100110111100101101101011000100110111101101100
0110000101101100011100000110100001100001
011100110111010101101101
0110001101110000011011000111010101110011
0110110001100001011000100110010101101100
0110110101101111011001000110010101101100
011001010110111001100011011011110110010001100101
0110010101110010011100100110111101110010
011100000110010101110010011010010110111101100100
0110110001101001011101100110010101110011
01100010011000010110111001100100
01110001011100000111001101101011
0110010001101001011011110110010001100101
0110001101101100011000010111001101110011
011011110111010101110100011100000111010101110100
0111011101100001011101000111010001110011
0110111101111000011010010110010001100101
01101111011010000110110101110011
01101101011001010110001101101000
0110000101101110011011110110010001100101
0111000001101111011010010110111001110100
0111000001101111011010010110111001110100
011001100111001101101011
01101100011100110111010001101101
0110100101101101011000010110011101100101
0110001101100001011100100111001001111001
01110100011010010110110101100101
0110100001100101011011100111001001111001
011011010110100101101110
01100011011011110111001001100101
011100110111010001110010011010010110111001100111
0110011001101001011000100110010101110010
011001110110111001100100
01110100011001010111001101110100
0110011001101001011001010110110001100100
011100110111100101110011011101000110010101101101
011000010110010001110100
01100010011011110110111101101100
011100000111100101110100011010000110111101101110
011001000110010101110010011010010111011001100101
0110011001100101011001100110010101110100
0110001001101100011000010110001101101011
01110011011010010110111001100101
011100110110111001110010
011011000110000101101101011000100110010001100001
0110001101101100011001010110000101101110
0111001001101111011101010111010001100101
011000110110111101110010011101000110010101111000
011000010111010001101111011011010110100101100011
011011000110100101101110011001010110000101110010
01100110011100000110011101100001
0111001101110100011000010110001101101011
0110110101100101011101000110000101101100
01100010011110010111010001100101
011011000110111101110010011001010110111001111010
01100001011011010111000001110011
011101000111010101110010011010010110111001100111
011001000110010101110011011010010110011101101110
0110001101110101011100100111011001100101
01100100011010010110001101110100
011011000110000101110100011001010110111001110100
011101100110010101100011011101000110111101110010
011000100110101001110100
01100101011101000110001101101000
01100010011010010110000101110011
01100110011010010111001001100101
0111000001100001011100000110010101110010
0110000101110010011100100110000101111001
01110000011011110110110001100101
011001000110010101110110011010010110001101100101
01101000011001010110000101110000
01100110011011000110100101110000
011000100110110101110101
01101100011010010111001101110100
011101110110100101101110011001000110111101110111
011000110111001001100101011000010111010001100101
0110100101101110011100000111010101110100
011100000110100001101111011101000110111101101110
01110010011000010111010001100101
011000100110100101101111
01100001011110000110100101110011
01100010011001010110000101110010
0110001101101000011010010111000001110011
011100010110000101101101
01110011011011110110011001101101
01101111011001100110010001101101
01101000011001010111001001100101
011100110110110101101111011011110111010001101000
0111001101101000011010010110011001110100
011001000110111101110000011010010110111001100111
0110001101101100011011110110001101101011
011100110110001101100001011011000110000101110010
01100110011011000110111101110000
011011010110000101110100011100100110100101111000
011011010111010101111000
01101000011010010110011101101000
011011010110000101110000
01100100011100100110000101101101
01110011011011110111001001110100
01100011011011010110111101110011
0111100101101001011001010110110001100100
011100000111001001101111011101000110111101101110
011011010110000101111000
011000010110111001100100
011010100110111101110101011011000110010101110011
01110000011000010111010001101000
01101101011011110110010001100101
01110110011011000111001101101001
0111000001110111011001010110110001101100
0110001101101000011101010110001101101011
0110011101100001011101010111001101110011
0110110001100001011100110110010101110010
01110011011100100110000101101101
0111000001101111011101110110010101110010
0111010001110101011100000110110001100101
0111001001100001011011100110011101100101
01110101011011100110100101110100
01110000011011110110110001111001
0110001001100001011101000110001101101000
0110010001100101011011000110000101111001
0110011101100001011011010110110101100001
0111011001100001011011000111010101100101
0111001101101000011011110111001001110100
011011110110001001101010011001010110001101110100
01110000011011000110111101110100
01110010011100100110000101101101
01100101011001000110011101100101
011100000110110001100001011100110110110101100001
0110100001100101011100100111010001111010
0110110101101111011011110111001001100101
011011000110111101100111
01101000011001010110000101110100
011100110110100101100111011011100110000101101100
0110110101101001011000110111001001101111
01100011011010010111010001100101
011000110111000001110101
011001010111000101110101011000010111010001100101
011101000110111101110010011100010111010101100101
0110000101110101011001000110100101101111
011000110110000101110100
011011010110111101100100011101010110110001100101
011011010110000101100111011011100110010101110100
0111011001101001011001000110010101101111
0110010101110110011001010110111001110100
011011010110010101100100011010010110000101101110
011010110110110101100101011000010110111001110011
01101001011011110110111001110011
01100110011011000111010101111000
011000110110000101110101011100110110000101101100
0110110101101111011001000110010101101101
011000110110111101110011011010010110111001100101
01100110011100100110010101110001
0110001101100001011000110110100001100101
01110100011001010110001101101000
0110110001100101011000010111001001101110
0110000101110000011100000110110001111001
01110010011011110110111101110100
01110100011110010111000001100101
01100001011100110110100101100011
0110000101101100011011000110111101111001
0111000101110101011010010110001101101011
01110100011100100110010101100101
0110001101101111011101000110000101101110
011101000110000101101110
0111010001110010011000010110100101101110
0110011001101100011011110110000101110100
01100010011000010111010101100100
011011100110111101110010011011010110000101101100
011011000110000101111001011011110111010101110100
0111000001101100011000010110111001100101
011001110111000001110101
01101010011001100110010101110100
011011000110111101110111
0111000001101111011011000110000101110010
011100110110000101101101011100000110110001100101
0111001001100001011101000110100101101111
0111000001110010011101010110111001100101
01101001011011100110011001101111
01100111011000010110100101101110
0110011001100101011100100110110101101001
011001100110011001110100
0110110101101001011110000110010101110010
011001100110100101101100011101000110010101110010
011100100110010101110011011010010111001101110100
011100100110000101101110011001000110111101101101
011100110110100101100101011011010110010101101110
0110001001101100011011110110001101101011
011010010110111001100100011101010110001101110100
011100100110100101110000011100000110110001100101
011001000111001101110000
0111000001101100011000010110001101100101
01100001011011000110011101101111
011011010110111101101101011001010110111001110100
0110010101110000011011110110001101101000
0110110001100001011110010110010101110010
01110011011100000110100101101110
0111000001100100011010010110011001100110
011000010111001101101011
01101101011010010110111001100100
0111010001100001011000100110110001100101
011101100110010001100100
011100110111010001101111011010110110010101110011
01100111011000010111010001100101
011001100110111101110010011011010110000101110100
0111001101101101011000010111001001110100
01101000011011110110110001100101
0111001101110100011000010110011101100101
011000010110010001100011
011000110110100001100001011100100110011101100101
01110111011000010111011001100101
0111001101110000011010010110001101100101
011101000110010101110011011011000110000101110011
0111001101110000011010010110101101100101
01100011011011110110000101110100
011011000110100101101110011010110110010101100100
01101101011010010110110101101111
01100001011001000110000101101101
011011000110000101100010
011100100110000101100100011010010110000101101110
011100110110100101100111011011100110010101100100
01100011011010000110000101110010
01110011011001010110110101101001
0110110001100001011101000110001101101000
